0.0 0.9282393705178479
0.1 0.26329772277022023
0.2 0.22146894287879954
0.3 0.19099680971819183
0.4 0.16712984803067224
0.5 0.146017572514328
0.6 0.1317821061336349
0.7 0.11874473746777964
0.8 0.10579387311897025
0.9 0.09801288579670209
1.0 0.0900111578342247
2.0 0.04547101744317321
3.0 0.024069754537691317
4.0 0.014566070716525794
5.0 0.00743099363717822
6.0 0.004233208128513692
7.0 0.0023141276257943083
8.0 0.0014519984460580099
9.0 0.0008919888540923326
10.0 0.0004757584136503286
11.0 0.000271545640872924
12.0 0.00011667674667872747
13.0 6.328716689920186e-05
14.0 4.4919680300927436e-05
15.0 2.231824248920543e-05
16.0 1.5595706564849684e-05
17.0 1.1353663896761813e-05
18.0 7.632790739556145e-06
19.0 3.6579835615377007e-06
20.0 2.5585787161941665e-06
21.0 1.556561511169766e-06
22.0 5.420773065453047e-07
23.0 3.791279852085841e-07
24.0 2.4919337299989314e-07
25.0 7.965406694041766e-08
26.0 6.992135174942447e-08
27.0 6.580712833838323e-08
28.0 5.7386430040118756e-08
29.0 3.542177034087729e-08
30.0 1.1779109435071599e-08
